// VorLap-generated QBlade external loading file
// Format per block: ID [LOCAL], then rows of time Fx Fy Fz Mx My Mz

BLD_1_0.000000
0 0.00648544659 -0.0213831267 0 0 0 0
0.5 0.00394070036 -0.0168022678 0 0 0 0
1 0.000656300999 -0.0135289348 0 0 0 0
1.5 0.00360317665 -0.00899174204 0 0 0 0
2 -0.000933972136 -0.000935423338 0 0 0 0
2.5 0.0040112506 0.0100848465 0 0 0 0
3 0.000975664248 0.0173712957 0 0 0 0
3.5 0.00599620433 0.00854868573 0 0 0 0
4 0.000966099549 -0.000633011123 0 0 0 0
4.5 0.00316002839 -0.0130342389 0 0 0 0
5 0.0022164955 -0.0176711419 0 0 0 0

BLD_1_0.021486
0 0.298996825 -1.0666809 0 0 0 0
0.5 0.129057533 -0.796593322 0 0 0 0
1 0.0930707122 -0.719928741 0 0 0 0
1.5 0.0835752714 -0.433613342 0 0 0 0
2 0.213743231 -0.0329087456 0 0 0 0
2.5 0.120895815 0.494692725 0 0 0 0
3 -0.0798010762 0.87309922 0 0 0 0
3.5 0.146721191 0.409388039 0 0 0 0
4 0.0981023618 -0.0309682784 0 0 0 0
4.5 0.0934573609 -0.617906011 0 0 0 0
5 0.146539533 -0.828625091 0 0 0 0

BLD_1_0.047438
0 0.829787553 -3.64806129 0 0 0 0
0.5 -0.238775506 -2.47559118 0 0 0 0
1 -0.116486875 -2.16669367 0 0 0 0
1.5 -0.250287321 -1.45730504 0 0 0 0
2 0.182745085 -0.15130052 0 0 0 0
2.5 0.0425007517 1.81374172 0 0 0 0
3 0.0474842753 3.04633693 0 0 0 0
3.5 0.109983348 1.35241103 0 0 0 0
4 0.160185663 -0.110566483 0 0 0 0
4.5 0.331847052 -2.02927066 0 0 0 0
5 0.304815593 -3.11001424 0 0 0 0

BLD_1_0.085674
0 1.12839529 -4.96085433 0 0 0 0
0.5 -0.324701371 -3.36645858 0 0 0 0
1 -0.158405896 -2.94640107 0 0 0 0
1.5 -0.340355833 -1.98173151 0 0 0 0
2 0.248507817 -0.205747595 0 0 0 0
2.5 0.0577950921 2.46643567 0 0 0 0
3 0.0645719888 4.14259316 0 0 0 0
3.5 0.149562007 1.8390903 0 0 0 0
4 0.21783015 -0.150354989 0 0 0 0
4.5 0.451265687 -2.75952494 0 0 0 0
5 0.414506674 -4.22918542 0 0 0 0

BLD_1_0.134725
0 1.20529788 -5.29894734 0 0 0 0
0.5 -0.346830476 -3.59589005 0 0 0 0
1 -0.169201602 -3.14720471 0 0 0 0
1.5 -0.363551823 -2.11679082 0 0 0 0
2 0.265444165 -0.219769741 0 0 0 0
2.5 0.0617339532 2.63452862 0 0 0 0
3 0.0689727102 4.42491989 0 0 0 0
3.5 0.159754983 1.9644283 0 0 0 0
4 0.232675748 -0.160602009 0 0 0 0
4.5 0.482020425 -2.94759257 0 0 0 0
5 0.442756205 -4.5174136 0 0 0 0

BLD_1_0.178909
0 0.966495096 -4.24907958 0 0 0 0
0.5 -0.278113783 -2.88344495 0 0 0 0
1 -0.135678093 -2.52365657 0 0 0 0
1.5 -0.29152217 -1.69739612 0 0 0 0
2 0.212852348 -0.176227288 0 0 0 0
2.5 0.0495027528 2.11255577 0 0 0 0
3 0.0553073121 3.5482211 0 0 0 0
3.5 0.12810311 1.57522082 0 0 0 0
4 0.186576259 -0.128782317 0 0 0 0
4.5 0.386518871 -2.3635931 0 0 0 0
5 0.355033977 -3.62238925 0 0 0 0

BLD_1_0.209488
0 0.536355717 -2.35802348 0 0 0 0
0.5 -0.154339032 -1.60016558 0 0 0 0
1 -0.0752944545 -1.40050129 0 0 0 0
1.5 -0.161780006 -0.941968685 0 0 0 0
2 0.118122248 -0.0977971994 0 0 0 0
2.5 0.027471515 1.17236121 0 0 0 0
3 0.0306927508 1.9690826 0 0 0 0
3.5 0.0710907235 0.874167594 0 0 0 0
4 0.103540353 -0.0714676487 0 0 0 0
4.5 0.214498353 -1.31167419 0 0 0 0
5 0.197025835 -2.01024216 0 0 0 0

BLD_1_0.220398
0 0.202375242 -0.88971844 0 0 0 0
0.5 -0.0582344851 -0.603767027 0 0 0 0
1 -0.028409753 -0.528430626 0 0 0 0
1.5 -0.0610420787 -0.355419238 0 0 0 0
2 0.0445693368 -0.036900384 0 0 0 0
2.5 0.0103654241 0.442349875 0 0 0 0
3 0.0115808458 0.742965078 0 0 0 0
3.5 0.0268236208 0.329836847 0 0 0 0
4 0.0390673639 -0.0269658405 0 0 0 0
4.5 0.08093352 -0.494914799 0 0 0 0
5 0.0743408709 -0.758495211 0 0 0 0

BLD_1_0.225142
0 0.183977493 -0.808834945 0 0 0 0
0.5 -0.052940441 -0.548879116 0 0 0 0
1 -0.0258270482 -0.480391479 0 0 0 0
1.5 -0.0554927988 -0.323108399 0 0 0 0
2 0.0405175789 -0.0335458036 0 0 0 0
2.5 0.00942311284 0.40213625 0 0 0 0
3 0.0105280416 0.675422798 0 0 0 0
3.5 0.0243851098 0.299851679 0 0 0 0
4 0.0355157853 -0.0245144004 0 0 0 0
4.5 0.0735759272 -0.449922545 0 0 0 0
5 0.0675826099 -0.689541101 0 0 0 0

BLD_1_0.234630
0 0.183977493 -0.808834945 0 0 0 0
0.5 -0.052940441 -0.548879116 0 0 0 0
1 -0.0258270482 -0.480391479 0 0 0 0
1.5 -0.0554927988 -0.323108399 0 0 0 0
2 0.0405175789 -0.0335458036 0 0 0 0
2.5 0.00942311284 0.40213625 0 0 0 0
3 0.0105280416 0.675422798 0 0 0 0
3.5 0.0243851098 0.299851679 0 0 0 0
4 0.0355157853 -0.0245144004 0 0 0 0
4.5 0.0735759272 -0.449922545 0 0 0 0
5 0.0675826099 -0.689541101 0 0 0 0

BLD_1_0.239374
0 0.394938351 -1.73629902 0 0 0 0
0.5 -0.11364548 -1.1782605 0 0 0 0
1 -0.0554420634 -1.03124037 0 0 0 0
1.5 -0.119124541 -0.693606029 0 0 0 0
2 0.086977736 -0.0720116584 0 0 0 0
2.5 0.0202282822 0.863252483 0 0 0 0
3 0.0226001961 1.44990761 0 0 0 0
3.5 0.0523467024 0.643681604 0 0 0 0
4 0.0762405525 -0.0526242463 0 0 0 0
4.5 0.15794299 -0.96583373 0 0 0 0
5 0.145077336 -1.4802149 0 0 0 0

BLD_1_0.265180
0 1.26846349 -5.57664734 0 0 0 0
0.5 -0.365006694 -3.78433854 0 0 0 0
1 -0.178068888 -3.31213911 0 0 0 0
1.5 -0.38260435 -2.22772471 0 0 0 0
2 0.2793552 -0.231287134 0 0 0 0
2.5 0.064969222 2.7725954 0 0 0 0
3 0.0725873378 4.65681505 0 0 0 0
3.5 0.168127204 2.06737737 0 0 0 0
4 0.244869501 -0.16901862 0 0 0 0
4.5 0.507281493 -3.10206597 0 0 0 0
5 0.465959568 -4.75415605 0 0 0 0

BLD_1_0.337495
0 2.28585902 -10.0495046 0 0 0 0
0.5 -0.657767332 -6.81964005 0 0 0 0
1 -0.320892465 -5.96870399 0 0 0 0
1.5 -0.689479528 -4.01451415 0 0 0 0
2 0.503417412 -0.416795428 0 0 0 0
2.5 0.117079036 4.99640886 0 0 0 0
3 0.130807408 8.39190313 0 0 0 0
3.5 0.302976861 3.72555716 0 0 0 0
4 0.441271794 -0.304583254 0 0 0 0
4.5 0.914156371 -5.59013764 0 0 0 0
5 0.8396914 -8.56731833 0 0 0 0

BLD_1_0.442002
0 2.85030197 -12.5310102 0 0 0 0
0.5 -0.820188605 -8.50360118 0 0 0 0
1 -0.400129849 -7.44254505 0 0 0 0
1.5 -0.859731434 -5.00581072 0 0 0 0
2 0.627725344 -0.519713953 0 0 0 0
2.5 0.145989146 6.23016287 0 0 0 0
3 0.16310744 10.4641003 0 0 0 0
3.5 0.377790378 4.64550211 0 0 0 0
4 0.550234224 -0.379793435 0 0 0 0
4.5 1.13988732 -6.97050001 0 0 0 0
5 1.04703485 -10.6828304 0 0 0 0

BLD_1_0.557979
0 2.85030197 -12.5310102 0 0 0 0
0.5 -0.820188605 -8.50360118 0 0 0 0
1 -0.400129849 -7.44254505 0 0 0 0
1.5 -0.859731434 -5.00581072 0 0 0 0
2 0.627725344 -0.519713953 0 0 0 0
2.5 0.145989146 6.23016287 0 0 0 0
3 0.16310744 10.4641003 0 0 0 0
3.5 0.377790378 4.64550211 0 0 0 0
4 0.550234224 -0.379793435 0 0 0 0
4.5 1.13988732 -6.97050001 0 0 0 0
5 1.04703485 -10.6828304 0 0 0 0

BLD_1_0.662486
0 2.28585902 -10.0495046 0 0 0 0
0.5 -0.657767332 -6.81964005 0 0 0 0
1 -0.320892465 -5.96870399 0 0 0 0
1.5 -0.689479528 -4.01451415 0 0 0 0
2 0.503417412 -0.416795428 0 0 0 0
2.5 0.117079036 4.99640886 0 0 0 0
3 0.130807408 8.39190313 0 0 0 0
3.5 0.302976861 3.72555716 0 0 0 0
4 0.441271794 -0.304583254 0 0 0 0
4.5 0.914156371 -5.59013764 0 0 0 0
5 0.8396914 -8.56731833 0 0 0 0

BLD_1_0.734801
0 1.26846349 -5.57664734 0 0 0 0
0.5 -0.365006694 -3.78433854 0 0 0 0
1 -0.178068888 -3.31213911 0 0 0 0
1.5 -0.38260435 -2.22772471 0 0 0 0
2 0.2793552 -0.231287134 0 0 0 0
2.5 0.064969222 2.7725954 0 0 0 0
3 0.0725873378 4.65681505 0 0 0 0
3.5 0.168127204 2.06737737 0 0 0 0
4 0.244869501 -0.16901862 0 0 0 0
4.5 0.507281493 -3.10206597 0 0 0 0
5 0.465959568 -4.75415605 0 0 0 0

BLD_1_0.760607
0 0.394938351 -1.73629902 0 0 0 0
0.5 -0.11364548 -1.1782605 0 0 0 0
1 -0.0554420634 -1.03124037 0 0 0 0
1.5 -0.119124541 -0.693606029 0 0 0 0
2 0.086977736 -0.0720116584 0 0 0 0
2.5 0.0202282822 0.863252483 0 0 0 0
3 0.0226001961 1.44990761 0 0 0 0
3.5 0.0523467024 0.643681604 0 0 0 0
4 0.0762405525 -0.0526242463 0 0 0 0
4.5 0.15794299 -0.96583373 0 0 0 0
5 0.145077336 -1.4802149 0 0 0 0

BLD_1_0.765351
0 0.183977493 -0.808834945 0 0 0 0
0.5 -0.052940441 -0.548879116 0 0 0 0
1 -0.0258270482 -0.480391479 0 0 0 0
1.5 -0.0554927988 -0.323108399 0 0 0 0
2 0.0405175789 -0.0335458036 0 0 0 0
2.5 0.00942311284 0.40213625 0 0 0 0
3 0.0105280416 0.675422798 0 0 0 0
3.5 0.0243851098 0.299851679 0 0 0 0
4 0.0355157853 -0.0245144004 0 0 0 0
4.5 0.0735759272 -0.449922545 0 0 0 0
5 0.0675826099 -0.689541101 0 0 0 0

BLD_1_0.774839
0 0.183977493 -0.808834945 0 0 0 0
0.5 -0.052940441 -0.548879116 0 0 0 0
1 -0.0258270482 -0.480391479 0 0 0 0
1.5 -0.0554927988 -0.323108399 0 0 0 0
2 0.0405175789 -0.0335458036 0 0 0 0
2.5 0.00942311284 0.40213625 0 0 0 0
3 0.0105280416 0.675422798 0 0 0 0
3.5 0.0243851098 0.299851679 0 0 0 0
4 0.0355157853 -0.0245144004 0 0 0 0
4.5 0.0735759272 -0.449922545 0 0 0 0
5 0.0675826099 -0.689541101 0 0 0 0

BLD_1_0.779583
0 0.202375242 -0.88971844 0 0 0 0
0.5 -0.0582344851 -0.603767027 0 0 0 0
1 -0.028409753 -0.528430626 0 0 0 0
1.5 -0.0610420787 -0.355419238 0 0 0 0
2 0.0445693368 -0.036900384 0 0 0 0
2.5 0.0103654241 0.442349875 0 0 0 0
3 0.0115808458 0.742965078 0 0 0 0
3.5 0.0268236208 0.329836847 0 0 0 0
4 0.0390673639 -0.0269658405 0 0 0 0
4.5 0.08093352 -0.494914799 0 0 0 0
5 0.0743408709 -0.758495211 0 0 0 0

BLD_1_0.790493
0 0.536478369 -2.3585627 0 0 0 0
0.5 -0.154374326 -1.6005315 0 0 0 0
1 -0.0753116725 -1.40082155 0 0 0 0
1.5 -0.161817001 -0.94218409 0 0 0 0
2 0.11814926 -0.0978195633 0 0 0 0
2.5 0.027477797 1.1726293 0 0 0 0
3 0.0306997694 1.96953288 0 0 0 0
3.5 0.0711069802 0.874367495 0 0 0 0
4 0.10356403 -0.0714839917 0 0 0 0
4.5 0.214547404 -1.31197414 0 0 0 0
5 0.19707089 -2.01070185 0 0 0 0

BLD_1_0.821082
0 0.966617747 -4.2496188 0 0 0 0
0.5 -0.278149077 -2.88381087 0 0 0 0
1 -0.135695311 -2.52397683 0 0 0 0
1.5 -0.291559165 -1.69761153 0 0 0 0
2 0.212879359 -0.176249652 0 0 0 0
2.5 0.0495090348 2.11282386 0 0 0 0
3 0.0553143308 3.54867138 0 0 0 0
3.5 0.128119367 1.57542072 0 0 0 0
4 0.186599936 -0.12879866 0 0 0 0
4.5 0.386567922 -2.36389305 0 0 0 0
5 0.355079032 -3.62284895 0 0 0 0

BLD_1_0.865266
0 1.20529788 -5.29894734 0 0 0 0
0.5 -0.346830476 -3.59589005 0 0 0 0
1 -0.169201602 -3.14720471 0 0 0 0
1.5 -0.363551823 -2.11679082 0 0 0 0
2 0.265444165 -0.219769741 0 0 0 0
2.5 0.0617339532 2.63452862 0 0 0 0
3 0.0689727102 4.42491989 0 0 0 0
3.5 0.159754983 1.9644283 0 0 0 0
4 0.232675748 -0.160602009 0 0 0 0
4.5 0.482020425 -2.94759257 0 0 0 0
5 0.442756205 -4.5174136 0 0 0 0

BLD_1_0.914317
0 1.12851794 -4.96139355 0 0 0 0
0.5 -0.324736665 -3.3668245 0 0 0 0
1 -0.158423114 -2.94672133 0 0 0 0
1.5 -0.340392828 -1.98194692 0 0 0 0
2 0.248534829 -0.205769959 0 0 0 0
2.5 0.0578013741 2.46670376 0 0 0 0
3 0.0645790075 4.14304344 0 0 0 0
3.5 0.149578264 1.8392902 0 0 0 0
4 0.217853827 -0.150371332 0 0 0 0
4.5 0.451314738 -2.75982489 0 0 0 0
5 0.414551729 -4.22964511 0 0 0 0

BLD_1_0.952562
0 0.829910205 -3.64860052 0 0 0 0
0.5 -0.2388108 -2.4759571 0 0 0 0
1 -0.116504093 -2.16701393 0 0 0 0
1.5 -0.250324316 -1.45752045 0 0 0 0
2 0.182772097 -0.151322884 0 0 0 0
2.5 0.0425070338 1.81400981 0 0 0 0
3 0.047491294 3.04678721 0 0 0 0
3.5 0.109999605 1.35261093 0 0 0 0
4 0.16020934 -0.110582826 0 0 0 0
4.5 0.331896103 -2.0295706 0 0 0 0
5 0.304860648 -3.11047394 0 0 0 0

BLD_1_0.978514
0 0.298996825 -1.0666809 0 0 0 0
0.5 0.129057533 -0.796593322 0 0 0 0
1 0.0930707122 -0.719928741 0 0 0 0
1.5 0.0835752714 -0.433613342 0 0 0 0
2 0.213743231 -0.0329087456 0 0 0 0
2.5 0.120895815 0.494692725 0 0 0 0
3 -0.0798010762 0.87309922 0 0 0 0
3.5 0.146721191 0.409388039 0 0 0 0
4 0.0981023618 -0.0309682784 0 0 0 0
4.5 0.0934573609 -0.617906011 0 0 0 0
5 0.146539533 -0.828625091 0 0 0 0

BLD_1_1.000000
0 0.00648544659 -0.0213831267 0 0 0 0
0.5 0.00394070036 -0.0168022678 0 0 0 0
1 0.000656300999 -0.0135289348 0 0 0 0
1.5 0.00360317665 -0.00899174204 0 0 0 0
2 -0.000933972136 -0.000935423338 0 0 0 0
2.5 0.0040112506 0.0100848465 0 0 0 0
3 0.000975664248 0.0173712957 0 0 0 0
3.5 0.00599620433 0.00854868573 0 0 0 0
4 0.000966099549 -0.000633011123 0 0 0 0
4.5 0.00316002839 -0.0130342389 0 0 0 0
5 0.0022164955 -0.0176711419 0 0 0 0

BLD_2_0.000000
0 -0.00699514279 0.0560109912 2.93794333e-18 0 0 0
0.5 0.0112568043 0.0756274126 6.11053493e-18 0 0 0
1 0.0089603336 0.0876130237 6.6564179e-18 0 0 0
1.5 -0.0176958074 0.0706147846 2.78477074e-18 0 0 0
2 0.00874922907 0.129094778 9.34684605e-18 0 0 0
2.5 -0.0152287338 0.121403298 6.36104468e-18 0 0 0
3 -0.0239995278 0.119547797 5.33151594e-18 0 0 0
3.5 -0.00575561295 0.103814165 6.19190971e-18 0 0 0
4 0.00066182527 0.0989544791 6.53867788e-18 0 0 0
4.5 0.00595085121 0.0857279805 6.2215354e-18 0 0 0
5 0.00956529973 0.0626980839 5.08999618e-18 0 0 0

BLD_2_0.021486
0 -0.418844523 2.62248928 1.28100753e-16 0 0 0
0.5 0.414202788 2.73854604 2.21950325e-16 0 0 0
1 -0.125172661 3.95844763 2.45861916e-16 0 0 0
1.5 -0.660699907 4.31487667 2.13713763e-16 0 0 0
2 0.484347767 4.3718287 3.36006082e-16 0 0 0
2.5 -0.669907348 5.88191633 3.15221356e-16 0 0 0
3 -1.83828738 4.64331756 1.13250928e-16 0 0 0
3.5 -0.525980948 3.8427636 1.96794621e-16 0 0 0
4 -0.0109463644 3.10058012 2.01598195e-16 0 0 0
4.5 -0.27317224 2.52330973 1.36700105e-16 0 0 0
5 0.544960289 2.96873593 2.50541113e-16 0 0 0

BLD_2_0.047438
0 -1.77640824 7.48143087 3.05228715e-16 0 0 0
0.5 0.113873322 9.22676714 6.15084376e-16 0 0 0
1 -0.900562595 11.4227592 6.53625698e-16 0 0 0
1.5 0.0884179691 11.1176634 7.36084904e-16 0 0 0
2 -0.463466529 14.621346 9.08026402e-16 0 0 0
2.5 -2.67522375 19.4101871 9.9211998e-16 0 0 0
3 -5.96107413 10.6710731 8.04658866e-17 0 0 0
3.5 -1.49851032 8.23026108 3.82967082e-16 0 0 0
4 -1.18414179 11.783772 6.47866213e-16 0 0 0
4.5 0.0511803629 7.3669638 4.86989193e-16 0 0 0
5 0.386984759 7.06658667 5.0212121e-16 0 0 0

BLD_2_0.085674
0 -2.41566734 10.1737021 4.15068463e-16 0 0 0
0.5 0.154851829 12.5471159 8.36428926e-16 0 0 0
1 -1.22463947 15.5333586 8.88839746e-16 0 0 0
1.5 0.120236101 15.1184709 1.00097276e-15 0 0 0
2 -0.630249811 19.8829904 1.23478921e-15 0 0 0
2.5 -3.63793101 26.3951461 1.34914474e-15 0 0 0
3 -8.10622904 14.5111704 1.09422378e-16 0 0 0
3.5 -2.03776494 11.1920067 5.20781794e-16 0 0 0
4 -1.6102676 16.0242856 8.81007651e-16 0 0 0
4.5 0.0695981522 10.0180428 6.62237352e-16 0 0 0
5 0.526245275 9.60957184 6.82814782e-16 0 0 0

BLD_2_0.134725
0 -2.58030032 10.867062 4.43356281e-16 0 0 0
0.5 0.165405318 13.4022291 8.93433376e-16 0 0 0
1 -1.30810131 16.5919908 9.49416107e-16 0 0 0
1.5 0.128430452 16.1488276 1.06919123e-15 0 0 0
2 -0.673202705 21.2380595 1.31894278e-15 0 0 0
2.5 -3.88586392 28.1940327 1.44109189e-15 0 0 0
3 -8.65868617 15.5001382 1.16879751e-16 0 0 0
3.5 -2.17664306 11.9547663 5.56274206e-16 0 0 0
4 -1.72001084 17.1163755 9.41050237e-16 0 0 0
4.5 0.0743414176 10.7007942 7.07370267e-16 0 0 0
5 0.562110034 10.2644851 7.29350094e-16 0 0 0

BLD_2_0.178909
0 -2.06907159 8.71399699 3.55515161e-16 0 0 0
0.5 0.132633958 10.7468775 7.16419558e-16 0 0 0
1 -1.04893033 13.3046594 7.61310565e-16 0 0 0
1.5 0.102984834 12.949299 8.5735493e-16 0 0 0
2 -0.539822664 17.0302135 1.0576238e-15 0 0 0
2.5 -3.115967 22.6080164 1.1555718e-15 0 0 0
3 -6.9431614 12.4291329 9.37226456e-17 0 0 0
3.5 -1.74538997 9.58619702 4.46060928e-16 0 0 0
4 -1.37922921 13.725149 7.54602205e-16 0 0 0
4.5 0.0596123304 8.58067147 5.67220688e-16 0 0 0
5 0.450740518 8.23080719 5.84845705e-16 0 0 0

BLD_2_0.209488
0 -1.1482297 4.83582599 1.97292868e-16 0 0 0
0.5 0.0736051141 5.96397149 3.97576488e-16 0 0 0
1 -0.582103088 7.38341058 4.22488719e-16 0 0 0
1.5 0.0571513553 7.18620364 4.75788466e-16 0 0 0
2 -0.299574176 9.45090404 5.86927522e-16 0 0 0
2.5 -1.72920351 12.5463015 6.4128369e-16 0 0 0
3 -3.85310213 6.89753785 5.20113108e-17 0 0 0
3.5 -0.968602837 5.31985274 2.47541173e-16 0 0 0
4 -0.765402199 7.61676098 4.18765919e-16 0 0 0
4.5 0.0330818174 4.7618371 3.14778689e-16 0 0 0
5 0.250138107 4.56768018 3.24559679e-16 0 0 0

BLD_2_0.220398
0 -0.433244686 1.82463135 7.44416264e-17 0 0 0
0.5 0.027772339 2.25029796 1.5001171e-16 0 0 0
1 -0.219636427 2.7858741 1.59411476e-16 0 0 0
1.5 0.0215640833 2.7114649 1.79522289e-16 0 0 0
2 -0.113033933 3.56597111 2.2145676e-16 0 0 0
2.5 -0.652455019 4.73391207 2.41966176e-16 0 0 0
3 -1.45383456 2.60254687 1.96246656e-17 0 0 0
3.5 -0.365468713 2.00726207 9.34010827e-17 0 0 0
4 -0.288797994 2.87392079 1.58006807e-16 0 0 0
4.5 0.0124822773 1.7967142 1.18770829e-16 0 0 0
5 0.094380946 1.72345582 1.22461347e-16 0 0 0

BLD_2_0.225142
0 -0.393858805 1.65875577 6.76742059e-17 0 0 0
0.5 0.0252475809 2.04572541 1.36374281e-16 0 0 0
1 -0.199669479 2.53261282 1.44919524e-16 0 0 0
1.5 0.0196037121 2.46496809 1.63202081e-16 0 0 0
2 -0.102758121 3.24179192 2.01324327e-16 0 0 0
2.5 -0.593140926 4.30355643 2.19969251e-16 0 0 0
3 -1.32166778 2.3659517 1.78406051e-17 0 0 0
3.5 -0.332244284 1.8247837 8.49100752e-17 0 0 0
4 -0.262543631 2.61265526 1.43642552e-16 0 0 0
4.5 0.0113475248 1.63337655 1.07973481e-16 0 0 0
5 0.08580086 1.56677802 1.11328497e-16 0 0 0

BLD_2_0.234630
0 -0.393858805 1.65875577 6.76742059e-17 0 0 0
0.5 0.0252475809 2.04572541 1.36374281e-16 0 0 0
1 -0.199669479 2.53261282 1.44919524e-16 0 0 0
1.5 0.0196037121 2.46496809 1.63202081e-16 0 0 0
2 -0.102758121 3.24179192 2.01324327e-16 0 0 0
2.5 -0.593140926 4.30355643 2.19969251e-16 0 0 0
3 -1.32166778 2.3659517 1.78406051e-17 0 0 0
3.5 -0.332244284 1.8247837 8.49100752e-17 0 0 0
4 -0.262543631 2.61265526 1.43642552e-16 0 0 0
4.5 0.0113475248 1.63337655 1.07973481e-16 0 0 0
5 0.08580086 1.56677802 1.11328497e-16 0 0 0

BLD_2_0.239374
0 -0.845483569 3.56079572 1.45273962e-16 0 0 0
0.5 0.0541981403 4.39149056 2.92750124e-16 0 0 0
1 -0.428623815 5.43667552 3.11093911e-16 0 0 0
1.5 0.0420826353 5.29146483 3.50340466e-16 0 0 0
2 -0.220587434 6.95904665 4.32176222e-16 0 0 0
2.5 -1.27327585 9.23830114 4.72200659e-16 0 0 0
3 -2.83718016 5.07890965 3.82978323e-17 0 0 0
3.5 -0.713217731 3.91720233 1.82273628e-16 0 0 0
4 -0.563593661 5.60849997 3.08352678e-16 0 0 0
4.5 0.0243593533 3.50631499 2.31783073e-16 0 0 0
5 0.184185846 3.36335015 2.38985174e-16 0 0 0

BLD_2_0.265180
0 -2.71552518 11.4365681 4.66591091e-16 0 0 0
0.5 0.174073654 14.1045948 9.40255212e-16 0 0 0
1 -1.3766545 17.4615212 9.9917181e-16 0 0 0
1.5 0.13516106 16.9951333 1.12522395e-15 0 0 0
2 -0.708482994 22.3510747 1.38806413e-15 0 0 0
2.5 -4.08950897 29.6715871 1.51661466e-15 0 0 0
3 -9.11245878 16.3124483 1.23005025e-16 0 0 0
3.5 -2.29071359 12.5812753 5.85426665e-16 0 0 0
4 -1.81015082 18.0133872 9.90367513e-16 0 0 0
4.5 0.0782374011 11.2615868 7.44441162e-16 0 0 0
5 0.591568329 10.8024122 7.67572878e-16 0 0 0

BLD_2_0.337495
0 -4.89356437 20.6094876 8.4082945e-16 0 0 0
0.5 0.313692776 25.4174564 1.69440499e-15 0 0 0
1 -2.48082672 31.4668701 1.80057678e-15 0 0 0
1.5 0.243569588 30.6264069 2.02773145e-15 0 0 0
2 -1.2767354 40.278184 2.50138766e-15 0 0 0
2.5 -7.36957829 53.4702541 2.73304462e-15 0 0 0
3 -16.4212816 29.3961612 2.21663572e-16 0 0 0
3.5 -4.12802449 22.6723292 1.05497938e-15 0 0 0
4 -3.2620171 32.4613708 1.78471082e-15 0 0 0
4.5 0.140989213 20.2941592 1.34153451e-15 0 0 0
5 1.06604709 19.4666946 1.38321947e-15 0 0 0

BLD_2_0.442002
0 -6.10192319 25.6985503 1.04845391e-15 0 0 0
0.5 0.391152355 31.6937419 2.11280128e-15 0 0 0
1 -3.09341268 39.2369262 2.24518988e-15 0 0 0
1.5 0.303713777 38.188929 2.52843543e-15 0 0 0
2 -1.59199732 50.2240016 3.11905069e-15 0 0 0
2.5 -9.18933466 66.6735653 3.40791028e-15 0 0 0
3 -20.4761583 36.654901 2.76398548e-16 0 0 0
3.5 -5.14734995 28.2707655 1.31548349e-15 0 0 0
4 -4.06750096 40.4769971 2.22540617e-15 0 0 0
4.5 0.17580342 25.3053584 1.67279715e-15 0 0 0
5 1.32928412 24.2735696 1.7247753e-15 0 0 0

BLD_2_0.557979
0 -6.10192319 25.6985503 1.04845391e-15 0 0 0
0.5 0.391152355 31.6937419 2.11280128e-15 0 0 0
1 -3.09341268 39.2369262 2.24518988e-15 0 0 0
1.5 0.303713777 38.188929 2.52843543e-15 0 0 0
2 -1.59199732 50.2240016 3.11905069e-15 0 0 0
2.5 -9.18933466 66.6735653 3.40791028e-15 0 0 0
3 -20.4761583 36.654901 2.76398548e-16 0 0 0
3.5 -5.14734995 28.2707655 1.31548349e-15 0 0 0
4 -4.06750096 40.4769971 2.22540617e-15 0 0 0
4.5 0.17580342 25.3053584 1.67279715e-15 0 0 0
5 1.32928412 24.2735696 1.7247753e-15 0 0 0

BLD_2_0.662486
0 -4.89356437 20.6094876 8.4082945e-16 0 0 0
0.5 0.313692776 25.4174564 1.69440499e-15 0 0 0
1 -2.48082672 31.4668701 1.80057678e-15 0 0 0
1.5 0.243569588 30.6264069 2.02773145e-15 0 0 0
2 -1.2767354 40.278184 2.50138766e-15 0 0 0
2.5 -7.36957829 53.4702541 2.73304462e-15 0 0 0
3 -16.4212816 29.3961612 2.21663572e-16 0 0 0
3.5 -4.12802449 22.6723292 1.05497938e-15 0 0 0
4 -3.2620171 32.4613708 1.78471082e-15 0 0 0
4.5 0.140989213 20.2941592 1.34153451e-15 0 0 0
5 1.06604709 19.4666946 1.38321947e-15 0 0 0

BLD_2_0.734801
0 -2.71552518 11.4365681 4.66591091e-16 0 0 0
0.5 0.174073654 14.1045948 9.40255212e-16 0 0 0
1 -1.3766545 17.4615212 9.9917181e-16 0 0 0
1.5 0.13516106 16.9951333 1.12522395e-15 0 0 0
2 -0.708482994 22.3510747 1.38806413e-15 0 0 0
2.5 -4.08950897 29.6715871 1.51661466e-15 0 0 0
3 -9.11245878 16.3124483 1.23005025e-16 0 0 0
3.5 -2.29071359 12.5812753 5.85426665e-16 0 0 0
4 -1.81015082 18.0133872 9.90367513e-16 0 0 0
4.5 0.0782374011 11.2615868 7.44441162e-16 0 0 0
5 0.591568329 10.8024122 7.67572878e-16 0 0 0

BLD_2_0.760607
0 -0.845483569 3.56079572 1.45273962e-16 0 0 0
0.5 0.0541981403 4.39149056 2.92750124e-16 0 0 0
1 -0.428623815 5.43667552 3.11093911e-16 0 0 0
1.5 0.0420826353 5.29146483 3.50340466e-16 0 0 0
2 -0.220587434 6.95904665 4.32176222e-16 0 0 0
2.5 -1.27327585 9.23830114 4.72200659e-16 0 0 0
3 -2.83718016 5.07890965 3.82978323e-17 0 0 0
3.5 -0.713217731 3.91720233 1.82273628e-16 0 0 0
4 -0.563593661 5.60849997 3.08352678e-16 0 0 0
4.5 0.0243593533 3.50631499 2.31783073e-16 0 0 0
5 0.184185846 3.36335015 2.38985174e-16 0 0 0

BLD_2_0.765351
0 -0.393858805 1.65875577 6.76742059e-17 0 0 0
0.5 0.0252475809 2.04572541 1.36374281e-16 0 0 0
1 -0.199669479 2.53261282 1.44919524e-16 0 0 0
1.5 0.0196037121 2.46496809 1.63202081e-16 0 0 0
2 -0.102758121 3.24179192 2.01324327e-16 0 0 0
2.5 -0.593140926 4.30355643 2.19969251e-16 0 0 0
3 -1.32166778 2.3659517 1.78406051e-17 0 0 0
3.5 -0.332244284 1.8247837 8.49100752e-17 0 0 0
4 -0.262543631 2.61265526 1.43642552e-16 0 0 0
4.5 0.0113475248 1.63337655 1.07973481e-16 0 0 0
5 0.08580086 1.56677802 1.11328497e-16 0 0 0

BLD_2_0.774839
0 -0.393858805 1.65875577 6.76742059e-17 0 0 0
0.5 0.0252475809 2.04572541 1.36374281e-16 0 0 0
1 -0.199669479 2.53261282 1.44919524e-16 0 0 0
1.5 0.0196037121 2.46496809 1.63202081e-16 0 0 0
2 -0.102758121 3.24179192 2.01324327e-16 0 0 0
2.5 -0.593140926 4.30355643 2.19969251e-16 0 0 0
3 -1.32166778 2.3659517 1.78406051e-17 0 0 0
3.5 -0.332244284 1.8247837 8.49100752e-17 0 0 0
4 -0.262543631 2.61265526 1.43642552e-16 0 0 0
4.5 0.0113475248 1.63337655 1.07973481e-16 0 0 0
5 0.08580086 1.56677802 1.11328497e-16 0 0 0

BLD_2_0.779583
0 -0.433244686 1.82463135 7.44416264e-17 0 0 0
0.5 0.027772339 2.25029796 1.5001171e-16 0 0 0
1 -0.219636427 2.7858741 1.59411476e-16 0 0 0
1.5 0.0215640833 2.7114649 1.79522289e-16 0 0 0
2 -0.113033933 3.56597111 2.2145676e-16 0 0 0
2.5 -0.652455019 4.73391207 2.41966176e-16 0 0 0
3 -1.45383456 2.60254687 1.96246656e-17 0 0 0
3.5 -0.365468713 2.00726207 9.34010827e-17 0 0 0
4 -0.288797994 2.87392079 1.58006807e-16 0 0 0
4.5 0.0124822773 1.7967142 1.18770829e-16 0 0 0
5 0.094380946 1.72345582 1.22461347e-16 0 0 0

BLD_2_0.790493
0 -1.14849228 4.83693183 1.97337984e-16 0 0 0
0.5 0.0736219458 5.96533531 3.97667405e-16 0 0 0
1 -0.582236201 7.38509899 4.22585332e-16 0 0 0
1.5 0.0571644244 7.18784695 4.75897267e-16 0 0 0
2 -0.299642682 9.45306523 5.87061738e-16 0 0 0
2.5 -1.72959894 12.5491706 6.41430336e-16 0 0 0
3 -3.85398324 6.89911515 5.20232046e-17 0 0 0
3.5 -0.968824333 5.32106926 2.47597779e-16 0 0 0
4 -0.765577228 7.61850275 4.18861681e-16 0 0 0
4.5 0.0330893824 4.76292601 3.14850671e-16 0 0 0
5 0.250195308 4.5687247 3.24633898e-16 0 0 0

BLD_2_0.821082
0 -2.06933416 8.71510283 3.55560278e-16 0 0 0
0.5 0.13265079 10.7482413 7.16510475e-16 0 0 0
1 -1.04906344 13.3063478 7.61407178e-16 0 0 0
1.5 0.102997903 12.9509423 8.57463731e-16 0 0 0
2 -0.539891169 17.0323747 1.05775802e-15 0 0 0
2.5 -3.11636243 22.6108855 1.15571844e-15 0 0 0
3 -6.94404251 12.4307102 9.37345393e-17 0 0 0
3.5 -1.74561147 9.58741354 4.46117535e-16 0 0 0
4 -1.37940424 13.7268908 7.54697967e-16 0 0 0
4.5 0.0596198954 8.58176038 5.6729267e-16 0 0 0
5 0.450797718 8.23185171 5.84919924e-16 0 0 0

BLD_2_0.865266
0 -2.58030032 10.867062 4.43356281e-16 0 0 0
0.5 0.165405318 13.4022291 8.93433376e-16 0 0 0
1 -1.30810131 16.5919908 9.49416107e-16 0 0 0
1.5 0.128430452 16.1488276 1.06919123e-15 0 0 0
2 -0.673202705 21.2380595 1.31894278e-15 0 0 0
2.5 -3.88586392 28.1940327 1.44109189e-15 0 0 0
3 -8.65868617 15.5001382 1.16879751e-16 0 0 0
3.5 -2.17664306 11.9547663 5.56274206e-16 0 0 0
4 -1.72001084 17.1163755 9.41050237e-16 0 0 0
4.5 0.0743414176 10.7007942 7.07370267e-16 0 0 0
5 0.562110034 10.2644851 7.29350094e-16 0 0 0

BLD_2_0.914317
0 -2.41592991 10.1748079 4.15113579e-16 0 0 0
0.5 0.154868661 12.5484797 8.36519842e-16 0 0 0
1 -1.22477258 15.535047 8.88936359e-16 0 0 0
1.5 0.12024917 15.1201143 1.00108156e-15 0 0 0
2 -0.630318316 19.8851516 1.23492342e-15 0 0 0
2.5 -3.63832644 26.3980151 1.34929139e-15 0 0 0
3 -8.10711015 14.5127477 1.09434272e-16 0 0 0
3.5 -2.03798644 11.1932232 5.20838401e-16 0 0 0
4 -1.61044263 16.0260274 8.81103412e-16 0 0 0
4.5 0.0696057172 10.0191317 6.62309334e-16 0 0 0
5 0.526302475 9.61061636 6.82889001e-16 0 0 0

BLD_2_0.952562
0 -1.77667081 7.4825367 3.05273831e-16 0 0 0
0.5 0.113890154 9.22813096 6.15175292e-16 0 0 0
1 -0.900695708 11.4244476 6.53722311e-16 0 0 0
1.5 0.0884310383 11.1193067 7.36193705e-16 0 0 0
2 -0.463535035 14.6235072 9.08160618e-16 0 0 0
2.5 -2.67561918 19.4130562 9.92266627e-16 0 0 0
3 -5.96195524 10.6726504 8.04777804e-17 0 0 0
3.5 -1.49873182 8.2314776 3.83023688e-16 0 0 0
4 -1.18431682 11.7855137 6.47961975e-16 0 0 0
4.5 0.051187928 7.36805272 4.87061176e-16 0 0 0
5 0.387041959 7.06763119 5.02195429e-16 0 0 0

BLD_2_0.978514
0 -0.418844523 2.62248928 1.28100753e-16 0 0 0
0.5 0.414202788 2.73854604 2.21950325e-16 0 0 0
1 -0.125172661 3.95844763 2.45861916e-16 0 0 0
1.5 -0.660699907 4.31487667 2.13713763e-16 0 0 0
2 0.484347767 4.3718287 3.36006082e-16 0 0 0
2.5 -0.669907348 5.88191633 3.15221356e-16 0 0 0
3 -1.83828738 4.64331756 1.13250928e-16 0 0 0
3.5 -0.525980948 3.8427636 1.96794621e-16 0 0 0
4 -0.0109463644 3.10058012 2.01598195e-16 0 0 0
4.5 -0.27317224 2.52330973 1.36700105e-16 0 0 0
5 0.544960289 2.96873593 2.50541113e-16 0 0 0

BLD_2_1.000000
0 -0.00699514279 0.0560109912 2.93794333e-18 0 0 0
0.5 0.0112568043 0.0756274126 6.11053493e-18 0 0 0
1 0.0089603336 0.0876130237 6.6564179e-18 0 0 0
1.5 -0.0176958074 0.0706147846 2.78477074e-18 0 0 0
2 0.00874922907 0.129094778 9.34684605e-18 0 0 0
2.5 -0.0152287338 0.121403298 6.36104468e-18 0 0 0
3 -0.0239995278 0.119547797 5.33151594e-18 0 0 0
3.5 -0.00575561295 0.103814165 6.19190971e-18 0 0 0
4 0.00066182527 0.0989544791 6.53867788e-18 0 0 0
4.5 0.00595085121 0.0857279805 6.2215354e-18 0 0 0
5 0.00956529973 0.0626980839 5.08999618e-18 0 0 0

BLD_3_0.000000
0 -0.0246606614 -0.0854252931 -2.19462557e-18 0 0 0
0.5 -0.0218877055 -0.0715817821 -1.70636126e-18 0 0 0
1 -0.00158187552 -0.0611705955 -3.3142398e-18 0 0 0
1.5 -0.0222237562 -0.0857012342 -2.47450926e-18 0 0 0
2 -0.0274173274 -0.0777375181 -1.4577277e-18 0 0 0
2.5 -0.0260026848 -0.0702496115 -1.18438731e-18 0 0 0
3 0.0254990315 -0.0858146802 -7.65410612e-18 0 0 0
3.5 -0.00454677047 -0.0733699268 -3.68800687e-18 0 0 0
4 -0.0154126604 -0.0610103151 -1.80585456e-18 0 0 0
4.5 -0.0193177294 -0.0786132833 -2.38562525e-18 0 0 0
5 -0.00924685268 -0.0666328254 -2.79461611e-18 0 0 0

BLD_3_0.021486
0 -1.52581246 -3.93465129 -5.88126955e-17 0 0 0
0.5 -0.710915423 -3.04878968 -9.66677353e-17 0 0 0
1 -1.2885532 -3.43922576 -5.6300431e-17 0 0 0
1.5 -1.42982983 -3.86684862 -6.53535434e-17 0 0 0
2 0.148132098 -4.83678074 -2.9167415e-16 0 0 0
2.5 -0.745313667 -5.28031371 -2.20099024e-16 0 0 0
3 -0.1827102 -4.08876756 -2.13186561e-16 0 0 0
3.5 0.714030734 -4.19619467 -3.16514515e-16 0 0 0
4 0.463489927 -3.7248911 -2.62499459e-16 0 0 0
4.5 -0.990395914 -2.996104 -6.33699405e-17 0 0 0
5 -0.826847491 -2.92798627 -7.72169415e-17 0 0 0

BLD_3_0.047438
0 -4.9595868 -12.0310834 -1.47955865e-16 0 0 0
0.5 -3.49900918 -9.14614581 -1.41888098e-16 0 0 0
1 0.882186916 -11.6981186 -7.62228448e-16 0 0 0
1.5 -3.71761636 -11.0790483 -2.28334708e-16 0 0 0
2 -1.6126058 -14.3376712 -6.42204793e-16 0 0 0
2.5 -1.49644384 -16.5863168 -7.82932402e-16 0 0 0
3 0.641863712 -12.6896291 -7.92677239e-16 0 0 0
3.5 1.22996696 -11.5073349 -7.89056153e-16 0 0 0
4 -0.234354753 -10.5422109 -5.75328088e-16 0 0 0
4.5 -2.14552952 -6.209168 -1.21245517e-16 0 0 0
5 -0.547722891 -8.02052471 -3.97664598e-16 0 0 0

BLD_3_0.085674
0 -6.74434602 -16.3605946 -2.01199332e-16 0 0 0
0.5 -4.75816425 -12.4374821 -1.92948015e-16 0 0 0
1 1.19965111 -15.907809 -1.03652433e-15 0 0 0
1.5 -5.05543952 -15.0659598 -3.10503342e-16 0 0 0
2 -2.19291888 -19.4972322 -8.73308909e-16 0 0 0
2.5 -2.03495481 -22.5550766 -1.06467882e-15 0 0 0
3 0.872845086 -17.2561249 -1.07793044e-15 0 0 0
3.5 1.67258345 -15.6483698 -1.07300627e-15 0 0 0
4 -0.318689764 -14.3359359 -7.82365923e-16 0 0 0
4.5 -2.91762077 -8.44360209 -1.64876985e-16 0 0 0
5 -0.744826705 -10.9067945 -5.40768366e-16 0 0 0

BLD_3_0.134725
0 -7.20398786 -17.4756047 -2.14911504e-16 0 0 0
0.5 -5.08244349 -13.2851235 -2.06097842e-16 0 0 0
1 1.28140994 -16.9919607 -1.10716572e-15 0 0 0
1.5 -5.39997871 -16.0927377 -3.3166482e-16 0 0 0
2 -2.34237107 -20.826011 -9.3282681e-16 0 0 0
2.5 -2.17364141 -24.0922541 -1.137239e-15 0 0 0
3 0.932331376 -18.4321673 -1.15139374e-15 0 0 0
3.5 1.78657364 -16.7148402 -1.14613398e-15 0 0 0
4 -0.340409164 -15.3129611 -8.35685861e-16 0 0 0
4.5 -3.11646297 -9.01905193 -1.7611371e-16 0 0 0
5 -0.795588265 -11.6501162 -5.77622905e-16 0 0 0

BLD_3_0.178909
0 -5.77667898 -14.013205 -1.72331602e-16 0 0 0
0.5 -4.07547112 -10.6529738 -1.6526417e-16 0 0 0
1 1.02752726 -13.6253842 -8.87805624e-16 0 0 0
1.5 -4.33009385 -12.9043221 -2.65952863e-16 0 0 0
2 -1.87828269 -16.6998032 -7.48008066e-16 0 0 0
2.5 -1.74298304 -19.3189134 -9.11920556e-16 0 0 0
3 0.747610791 -14.7802461 -9.23270856e-16 0 0 0
3.5 1.43260408 -13.4031689 -9.19053194e-16 0 0 0
4 -0.272964711 -12.2790407 -6.70113421e-16 0 0 0
4.5 -2.49900562 -7.23212875 -1.41220722e-16 0 0 0
5 -0.637960265 -9.34190657 -4.63179861e-16 0 0 0

BLD_3_0.209488
0 -3.2057636 -7.77661743 -9.56352911e-17 0 0 0
0.5 -2.26167959 -5.9118597 -9.17132252e-17 0 0 0
1 0.570225469 -7.56139659 -4.92687055e-16 0 0 0
1.5 -2.40298229 -7.16124373 -1.47590339e-16 0 0 0
2 -1.04235155 -9.26754309 -4.15106507e-16 0 0 0
2.5 -0.967267108 -10.7210163 -5.06069618e-16 0 0 0
3 0.414886039 -8.20228633 -5.12368458e-16 0 0 0
3.5 0.795022544 -7.43807837 -5.1002787e-16 0 0 0
4 -0.151481558 -6.8142443 -3.71878933e-16 0 0 0
4.5 -1.38682126 -4.01346434 -7.83703321e-17 0 0 0
5 -0.354035563 -5.18428394 -2.57041311e-16 0 0 0

BLD_3_0.220398
0 -1.2095838 -2.93423708 -3.60846628e-17 0 0 0
0.5 -0.853366414 -2.23063538 -3.46048071e-17 0 0 0
1 0.215154819 -2.85303096 -1.85898386e-16 0 0 0
1.5 -0.906682088 -2.70204714 -5.56880995e-17 0 0 0
2 -0.393295233 -3.49678621 -1.56626054e-16 0 0 0
2.5 -0.364964722 -4.04520395 -1.90947832e-16 0 0 0
3 0.156542869 -3.09484849 -1.93324481e-16 0 0 0
3.5 0.299974205 -2.8065011 -1.92441341e-16 0 0 0
4 -0.0571563163 -2.57111893 -1.40315627e-16 0 0 0
4.5 -0.523268943 -1.51434168 -2.95703288e-17 0 0 0
5 -0.13358305 -1.95610988 -9.69856308e-17 0 0 0

BLD_3_0.225142
0 -1.09962163 -2.66748826 -3.28042389e-17 0 0 0
0.5 -0.775787649 -2.02785034 -3.14589156e-17 0 0 0
1 0.19559529 -2.59366451 -1.68998533e-16 0 0 0
1.5 -0.824256444 -2.45640649 -5.0625545e-17 0 0 0
2 -0.357541121 -3.17889656 -1.42387322e-16 0 0 0
2.5 -0.331786111 -3.67745813 -1.73588938e-16 0 0 0
3 0.142311699 -2.81349863 -1.75749528e-16 0 0 0
3.5 0.272703823 -2.55136464 -1.74946674e-16 0 0 0
4 -0.0519602875 -2.33738085 -1.27559661e-16 0 0 0
4.5 -0.475699039 -1.37667425 -2.68821171e-17 0 0 0
5 -0.121439137 -1.77828171 -8.81687553e-17 0 0 0

BLD_3_0.234630
0 -1.09962163 -2.66748826 -3.28042389e-17 0 0 0
0.5 -0.775787649 -2.02785034 -3.14589156e-17 0 0 0
1 0.19559529 -2.59366451 -1.68998533e-16 0 0 0
1.5 -0.824256444 -2.45640649 -5.0625545e-17 0 0 0
2 -0.357541121 -3.17889656 -1.42387322e-16 0 0 0
2.5 -0.331786111 -3.67745813 -1.73588938e-16 0 0 0
3 0.142311699 -2.81349863 -1.75749528e-16 0 0 0
3.5 0.272703823 -2.55136464 -1.74946674e-16 0 0 0
4 -0.0519602875 -2.33738085 -1.27559661e-16 0 0 0
4.5 -0.475699039 -1.37667425 -2.68821171e-17 0 0 0
5 -0.121439137 -1.77828171 -8.81687553e-17 0 0 0

BLD_3_0.239374
0 -2.36052111 -5.72620813 -7.04197662e-17 0 0 0
0.5 -1.66535749 -4.35311874 -6.75318054e-17 0 0 0
1 0.419877889 -5.56773314 -3.62783517e-16 0 0 0
1.5 -1.76940383 -5.27308594 -1.0867617e-16 0 0 0
2 -0.767521607 -6.82403128 -3.05658118e-16 0 0 0
2.5 -0.712234184 -7.89427679 -3.72637588e-16 0 0 0
3 0.30549578 -6.03964372 -3.77275654e-16 0 0 0
3.5 0.585404206 -5.47692942 -3.75552194e-16 0 0 0
4 -0.111541417 -5.01757755 -2.73828073e-16 0 0 0
4.5 -1.02116727 -2.95526073 -5.77069447e-17 0 0 0
5 -0.260689347 -3.81737806 -1.89268928e-16 0 0 0

BLD_3_0.265180
0 -7.58152462 -18.3914424 -2.26174292e-16 0 0 0
0.5 -5.34879725 -13.9813522 -2.16898736e-16 0 0 0
1 1.34856433 -17.8824522 -1.16518855e-15 0 0 0
1.5 -5.68297343 -16.936104 -3.49046257e-16 0 0 0
2 -2.46512685 -21.9174321 -9.81713124e-16 0 0 0
2.5 -2.28755464 -25.354848 -1.19683787e-15 0 0 0
3 0.981191726 -19.3981352 -1.21173441e-15 0 0 0
3.5 1.88020196 -17.5908087 -1.206199e-15 0 0 0
4 -0.358248862 -16.1154618 -8.79481345e-16 0 0 0
4.5 -3.27978631 -9.49171009 -1.85343237e-16 0 0 0
5 -0.837282368 -12.2606596 -6.07894178e-16 0 0 0

BLD_3_0.337495
0 -13.6624323 -33.1426524 -4.07581734e-16 0 0 0
0.5 -9.63890295 -25.1953646 -3.9086654e-16 0 0 0
1 2.43020628 -32.2254169 -2.09975043e-15 0 0 0
1.5 -10.2411116 -30.5200319 -6.29005521e-16 0 0 0
2 -4.44232925 -39.4967301 -1.76911502e-15 0 0 0
2.5 -4.12233183 -45.6911915 -2.1567847e-15 0 0 0
3 1.76817542 -34.9567826 -2.18362931e-15 0 0 0
3.5 3.3882541 -31.6998552 -2.17365411e-15 0 0 0
4 -0.645589253 -29.0411779 -1.58488627e-15 0 0 0
4.5 -5.91040199 -17.1047187 -3.34001344e-16 0 0 0
5 -1.50884079 -22.0945575 -1.09546739e-15 0 0 0

BLD_3_0.442002
0 -17.0360714 -41.3265064 -5.08225138e-16 0 0 0
0.5 -12.0190195 -31.4168094 -4.87382492e-16 0 0 0
1 3.03029263 -40.1827796 -2.61823793e-15 0 0 0
1.5 -12.7699303 -38.056287 -7.84324693e-16 0 0 0
2 -5.53926541 -49.2495847 -2.20595932e-15 0 0 0
2.5 -5.14025162 -56.973633 -2.68935556e-15 0 0 0
3 2.20478771 -43.5885964 -2.72282886e-15 0 0 0
3.5 4.22490942 -39.5274419 -2.71039051e-15 0 0 0
4 -0.805003415 -36.2122624 -1.97623931e-15 0 0 0
4.5 -7.36984664 -21.3283553 -4.1647568e-16 0 0 0
5 -1.88141607 -27.5503257 -1.36596914e-15 0 0 0

BLD_3_0.557979
0 -17.0360714 -41.3265064 -5.08225138e-16 0 0 0
0.5 -12.0190195 -31.4168094 -4.87382492e-16 0 0 0
1 3.03029263 -40.1827796 -2.61823793e-15 0 0 0
1.5 -12.7699303 -38.056287 -7.84324693e-16 0 0 0
2 -5.53926541 -49.2495847 -2.20595932e-15 0 0 0
2.5 -5.14025162 -56.973633 -2.68935556e-15 0 0 0
3 2.20478771 -43.5885964 -2.72282886e-15 0 0 0
3.5 4.22490942 -39.5274419 -2.71039051e-15 0 0 0
4 -0.805003415 -36.2122624 -1.97623931e-15 0 0 0
4.5 -7.36984664 -21.3283553 -4.1647568e-16 0 0 0
5 -1.88141607 -27.5503257 -1.36596914e-15 0 0 0

BLD_3_0.662486
0 -13.6624323 -33.1426524 -4.07581734e-16 0 0 0
0.5 -9.63890295 -25.1953646 -3.9086654e-16 0 0 0
1 2.43020628 -32.2254169 -2.09975043e-15 0 0 0
1.5 -10.2411116 -30.5200319 -6.29005521e-16 0 0 0
2 -4.44232925 -39.4967301 -1.76911502e-15 0 0 0
2.5 -4.12233183 -45.6911915 -2.1567847e-15 0 0 0
3 1.76817542 -34.9567826 -2.18362931e-15 0 0 0
3.5 3.3882541 -31.6998552 -2.17365411e-15 0 0 0
4 -0.645589253 -29.0411779 -1.58488627e-15 0 0 0
4.5 -5.91040199 -17.1047187 -3.34001344e-16 0 0 0
5 -1.50884079 -22.0945575 -1.09546739e-15 0 0 0

BLD_3_0.734801
0 -7.58152462 -18.3914424 -2.26174292e-16 0 0 0
0.5 -5.34879725 -13.9813522 -2.16898736e-16 0 0 0
1 1.34856433 -17.8824522 -1.16518855e-15 0 0 0
1.5 -5.68297343 -16.936104 -3.49046257e-16 0 0 0
2 -2.46512685 -21.9174321 -9.81713124e-16 0 0 0
2.5 -2.28755464 -25.354848 -1.19683787e-15 0 0 0
3 0.981191726 -19.3981352 -1.21173441e-15 0 0 0
3.5 1.88020196 -17.5908087 -1.206199e-15 0 0 0
4 -0.358248862 -16.1154618 -8.79481345e-16 0 0 0
4.5 -3.27978631 -9.49171009 -1.85343237e-16 0 0 0
5 -0.837282368 -12.2606596 -6.07894178e-16 0 0 0

BLD_3_0.760607
0 -2.36052111 -5.72620813 -7.04197662e-17 0 0 0
0.5 -1.66535749 -4.35311874 -6.75318054e-17 0 0 0
1 0.419877889 -5.56773314 -3.62783517e-16 0 0 0
1.5 -1.76940383 -5.27308594 -1.0867617e-16 0 0 0
2 -0.767521607 -6.82403128 -3.05658118e-16 0 0 0
2.5 -0.712234184 -7.89427679 -3.72637588e-16 0 0 0
3 0.30549578 -6.03964372 -3.77275654e-16 0 0 0
3.5 0.585404206 -5.47692942 -3.75552194e-16 0 0 0
4 -0.111541417 -5.01757755 -2.73828073e-16 0 0 0
4.5 -1.02116727 -2.95526073 -5.77069447e-17 0 0 0
5 -0.260689347 -3.81737806 -1.89268928e-16 0 0 0

BLD_3_0.765351
0 -1.09962163 -2.66748826 -3.28042389e-17 0 0 0
0.5 -0.775787649 -2.02785034 -3.14589156e-17 0 0 0
1 0.19559529 -2.59366451 -1.68998533e-16 0 0 0
1.5 -0.824256444 -2.45640649 -5.0625545e-17 0 0 0
2 -0.357541121 -3.17889656 -1.42387322e-16 0 0 0
2.5 -0.331786111 -3.67745813 -1.73588938e-16 0 0 0
3 0.142311699 -2.81349863 -1.75749528e-16 0 0 0
3.5 0.272703823 -2.55136464 -1.74946674e-16 0 0 0
4 -0.0519602875 -2.33738085 -1.27559661e-16 0 0 0
4.5 -0.475699039 -1.37667425 -2.68821171e-17 0 0 0
5 -0.121439137 -1.77828171 -8.81687553e-17 0 0 0

BLD_3_0.774839
0 -1.09962163 -2.66748826 -3.28042389e-17 0 0 0
0.5 -0.775787649 -2.02785034 -3.14589156e-17 0 0 0
1 0.19559529 -2.59366451 -1.68998533e-16 0 0 0
1.5 -0.824256444 -2.45640649 -5.0625545e-17 0 0 0
2 -0.357541121 -3.17889656 -1.42387322e-16 0 0 0
2.5 -0.331786111 -3.67745813 -1.73588938e-16 0 0 0
3 0.142311699 -2.81349863 -1.75749528e-16 0 0 0
3.5 0.272703823 -2.55136464 -1.74946674e-16 0 0 0
4 -0.0519602875 -2.33738085 -1.27559661e-16 0 0 0
4.5 -0.475699039 -1.37667425 -2.68821171e-17 0 0 0
5 -0.121439137 -1.77828171 -8.81687553e-17 0 0 0

BLD_3_0.779583
0 -1.2095838 -2.93423708 -3.60846628e-17 0 0 0
0.5 -0.853366414 -2.23063538 -3.46048071e-17 0 0 0
1 0.215154819 -2.85303096 -1.85898386e-16 0 0 0
1.5 -0.906682088 -2.70204714 -5.56880995e-17 0 0 0
2 -0.393295233 -3.49678621 -1.56626054e-16 0 0 0
2.5 -0.364964722 -4.04520395 -1.90947832e-16 0 0 0
3 0.156542869 -3.09484849 -1.93324481e-16 0 0 0
3.5 0.299974205 -2.8065011 -1.92441341e-16 0 0 0
4 -0.0571563163 -2.57111893 -1.40315627e-16 0 0 0
4.5 -0.523268943 -1.51434168 -2.95703288e-17 0 0 0
5 -0.13358305 -1.95610988 -9.69856308e-17 0 0 0

BLD_3_0.790493
0 -3.20649668 -7.77839576 -9.56571606e-17 0 0 0
0.5 -2.26219679 -5.9132116 -9.17341978e-17 0 0 0
1 0.570355865 -7.5631257 -4.92799721e-16 0 0 0
1.5 -2.40353179 -7.16288133 -1.47624089e-16 0 0 0
2 -1.04258991 -9.26966236 -4.15201431e-16 0 0 0
2.5 -0.967488299 -10.7234679 -5.06185344e-16 0 0 0
3 0.414980914 -8.20416199 -5.12485625e-16 0 0 0
3.5 0.795204347 -7.43977928 -5.10144502e-16 0 0 0
4 -0.151516198 -6.81580255 -3.71963972e-16 0 0 0
4.5 -1.3871384 -4.01438213 -7.83882535e-17 0 0 0
5 -0.354116523 -5.18546946 -2.5710009e-16 0 0 0

BLD_3_0.821082
0 -5.77741206 -14.0149833 -1.72353471e-16 0 0 0
0.5 -4.07598831 -10.6543257 -1.65285142e-16 0 0 0
1 1.02765765 -13.6271133 -8.8791829e-16 0 0 0
1.5 -4.33064335 -12.9059597 -2.65986613e-16 0 0 0
2 -1.87852105 -16.7019225 -7.48102991e-16 0 0 0
2.5 -1.74320423 -19.321365 -9.12036282e-16 0 0 0
3 0.747705666 -14.7821218 -9.23388022e-16 0 0 0
3.5 1.43278588 -13.4048698 -9.19169826e-16 0 0 0
4 -0.272999351 -12.280599 -6.70198461e-16 0 0 0
4.5 -2.49932275 -7.23304653 -1.41238643e-16 0 0 0
5 -0.638041225 -9.34309209 -4.6323864e-16 0 0 0

BLD_3_0.865266
0 -7.20398786 -17.4756047 -2.14911504e-16 0 0 0
0.5 -5.08244349 -13.2851235 -2.06097842e-16 0 0 0
1 1.28140994 -16.9919607 -1.10716572e-15 0 0 0
1.5 -5.39997871 -16.0927377 -3.3166482e-16 0 0 0
2 -2.34237107 -20.826011 -9.3282681e-16 0 0 0
2.5 -2.17364141 -24.0922541 -1.137239e-15 0 0 0
3 0.932331376 -18.4321673 -1.15139374e-15 0 0 0
3.5 1.78657364 -16.7148402 -1.14613398e-15 0 0 0
4 -0.340409164 -15.3129611 -8.35685861e-16 0 0 0
4.5 -3.11646297 -9.01905193 -1.7611371e-16 0 0 0
5 -0.795588265 -11.6501162 -5.77622905e-16 0 0 0

BLD_3_0.914317
0 -6.7450791 -16.362373 -2.01221201e-16 0 0 0
0.5 -4.75868144 -12.438834 -1.92968988e-16 0 0 0
1 1.19978151 -15.9095381 -1.036637e-15 0 0 0
1.5 -5.05598903 -15.0675974 -3.10537093e-16 0 0 0
2 -2.19315724 -19.4993515 -8.73403834e-16 0 0 0
2.5 -2.035176 -22.5575282 -1.06479455e-15 0 0 0
3 0.872939961 -17.2580006 -1.07804761e-15 0 0 0
3.5 1.67276525 -15.6500707 -1.0731229e-15 0 0 0
4 -0.318724404 -14.3374941 -7.82450963e-16 0 0 0
4.5 -2.9179379 -8.44451988 -1.64894906e-16 0 0 0
5 -0.744907665 -10.90798 -5.40827145e-16 0 0 0

BLD_3_0.952562
0 -4.96031988 -12.0328617 -1.47977735e-16 0 0 0
0.5 -3.49952637 -9.14749771 -1.41909071e-16 0 0 0
1 0.882317313 -11.6998477 -7.62341114e-16 0 0 0
1.5 -3.71816587 -11.0806859 -2.28368458e-16 0 0 0
2 -1.61284416 -14.3397904 -6.42299718e-16 0 0 0
2.5 -1.49666503 -16.5887685 -7.83048128e-16 0 0 0
3 0.641958586 -12.6915047 -7.92794406e-16 0 0 0
3.5 1.23014876 -11.5090358 -7.89172784e-16 0 0 0
4 -0.234389393 -10.5437692 -5.75413128e-16 0 0 0
4.5 -2.14584665 -6.21008578 -1.21263438e-16 0 0 0
5 -0.54780385 -8.02171023 -3.97723377e-16 0 0 0

BLD_3_0.978514
0 -1.52581246 -3.93465129 -5.88126955e-17 0 0 0
0.5 -0.710915423 -3.04878968 -9.66677353e-17 0 0 0
1 -1.2885532 -3.43922576 -5.6300431e-17 0 0 0
1.5 -1.42982983 -3.86684862 -6.53535434e-17 0 0 0
2 0.148132098 -4.83678074 -2.9167415e-16 0 0 0
2.5 -0.745313667 -5.28031371 -2.20099024e-16 0 0 0
3 -0.1827102 -4.08876756 -2.13186561e-16 0 0 0
3.5 0.714030734 -4.19619467 -3.16514515e-16 0 0 0
4 0.463489927 -3.7248911 -2.62499459e-16 0 0 0
4.5 -0.990395914 -2.996104 -6.33699405e-17 0 0 0
5 -0.826847491 -2.92798627 -7.72169415e-17 0 0 0

BLD_3_1.000000
0 -0.0246606614 -0.0854252931 -2.19462557e-18 0 0 0
0.5 -0.0218877055 -0.0715817821 -1.70636126e-18 0 0 0
1 -0.00158187552 -0.0611705955 -3.3142398e-18 0 0 0
1.5 -0.0222237562 -0.0857012342 -2.47450926e-18 0 0 0
2 -0.0274173274 -0.0777375181 -1.4577277e-18 0 0 0
2.5 -0.0260026848 -0.0702496115 -1.18438731e-18 0 0 0
3 0.0254990315 -0.0858146802 -7.65410612e-18 0 0 0
3.5 -0.00454677047 -0.0733699268 -3.68800687e-18 0 0 0
4 -0.0154126604 -0.0610103151 -1.80585456e-18 0 0 0
4.5 -0.0193177294 -0.0786132833 -2.38562525e-18 0 0 0
5 -0.00924685268 -0.0666328254 -2.79461611e-18 0 0 0

STR_1_1_0.000000
0 5.21662429 -6.08364536 -11.4509671 0 0 0
0.5 -0.29802921 -4.14398294 -7.80002932 0 0 0
1 -2.20146893 -2.92525552 -5.5060745 0 0 0
1.5 0.568644139 -0.912305147 -1.7171902 0 0 0
2 2.15900923 2.17095125 4.08628213 0 0 0
2.5 1.49792085 5.87212247 11.0528272 0 0 0
3 1.79303884 7.94720582 14.9586616 0 0 0
3.5 0.726311787 4.6680505 8.78645769 0 0 0
4 1.27104467 1.57493414 2.96442641 0 0 0
4.5 0.676167657 -2.67634421 -5.03756015 0 0 0
5 1.29357446 -5.28177316 -9.94163974 0 0 0

STR_1_1_1.000000
0 5.21662429 -6.08364536 -11.4509671 0 0 0
0.5 -0.29802921 -4.14398294 -7.80002932 0 0 0
1 -2.20146893 -2.92525552 -5.5060745 0 0 0
1.5 0.568644139 -0.912305147 -1.7171902 0 0 0
2 2.15900923 2.17095125 4.08628213 0 0 0
2.5 1.49792085 5.87212247 11.0528272 0 0 0
3 1.79303884 7.94720582 14.9586616 0 0 0
3.5 0.726311787 4.6680505 8.78645769 0 0 0
4 1.27104467 1.57493414 2.96442641 0 0 0
4.5 0.676167657 -2.67634421 -5.03756015 0 0 0
5 1.29357446 -5.28177316 -9.94163974 0 0 0

STR_1_2_0.000000
0 -6.73444695 14.4053918 3.95220357 0 0 0
0.5 -0.191950881 11.6642713 16.3392171 0 0 0
1 3.18035331 14.1484825 28.3432622 0 0 0
1.5 -7.89436329 24.0273982 14.9292751 0 0 0
2 -14.0494589 27.5062706 4.57352332 0 0 0
2.5 -14.4996771 35.0718665 14.357896 0 0 0
3 -11.9437881 29.6192185 12.8789226 0 0 0
3.5 -1.6854859 24.3071036 30.8388001 0 0 0
4 -3.05681777 25.1216186 28.5884397 0 0 0
4.5 -0.67589234 15.0915895 20.0724256 0 0 0
5 -3.31507929 7.39427482 2.38256387 0 0 0

STR_1_2_1.000000
0 -6.73444695 14.4053918 3.95220357 0 0 0
0.5 -0.191950881 11.6642713 16.3392171 0 0 0
1 3.18035331 14.1484825 28.3432622 0 0 0
1.5 -7.89436329 24.0273982 14.9292751 0 0 0
2 -14.0494589 27.5062706 4.57352332 0 0 0
2.5 -14.4996771 35.0718665 14.357896 0 0 0
3 -11.9437881 29.6192185 12.8789226 0 0 0
3.5 -1.6854859 24.3071036 30.8388001 0 0 0
4 -3.05681777 25.1216186 28.5884397 0 0 0
4.5 -0.67589234 15.0915895 20.0724256 0 0 0
5 -3.31507929 7.39427482 2.38256387 0 0 0

STR_1_3_0.000000
0 -12.3127887 -22.4759805 -3.11527695 0 0 0
0.5 -7.0618313 -14.4313594 -5.96146126 0 0 0
1 -9.83798266 -19.2531779 -5.99772832 0 0 0
1.5 -12.8816398 -24.4133981 -5.69544635 0 0 0
2 -9.51451406 -27.2586196 -29.2096559 0 0 0
2.5 -6.29022278 -19.5107743 -23.3476461 0 0 0
3 -7.68524001 -21.5759232 -22.396234 0 0 0
3.5 -4.39800624 -12.7205927 -13.8285146 0 0 0
4 -7.7380528 -17.213697 -10.3272953 0 0 0
4.5 -7.48996092 -19.1451722 -16.725788 0 0 0
5 -6.18629135 -13.2965514 -6.99574091 0 0 0

STR_1_3_1.000000
0 -12.3127887 -22.4759805 -3.11527695 0 0 0
0.5 -7.0618313 -14.4313594 -5.96146126 0 0 0
1 -9.83798266 -19.2531779 -5.99772832 0 0 0
1.5 -12.8816398 -24.4133981 -5.69544635 0 0 0
2 -9.51451406 -27.2586196 -29.2096559 0 0 0
2.5 -6.29022278 -19.5107743 -23.3476461 0 0 0
3 -7.68524001 -21.5759232 -22.396234 0 0 0
3.5 -4.39800624 -12.7205927 -13.8285146 0 0 0
4 -7.7380528 -17.213697 -10.3272953 0 0 0
4.5 -7.48996092 -19.1451722 -16.725788 0 0 0
5 -6.18629135 -13.2965514 -6.99574091 0 0 0

STR_2_1_0.000000
0 5.09080062 -5.09902989 10.6618557 0 0 0
0.5 0.365266585 -4.03797157 8.44322764 0 0 0
1 4.566542 -2.75675773 5.76426372 0 0 0
1.5 1.79360377 -0.762409381 1.59416575 0 0 0
2 1.75640491 1.75605346 -3.67183346 0 0 0
2.5 1.65071971 4.74347178 -9.91839872 0 0 0
3 1.48738741 6.89441961 -14.4159396 0 0 0
3.5 1.08167851 3.71753223 -7.77320255 0 0 0
4 1.61057333 1.27741014 -2.67101054 0 0 0
4.5 1.07676014 -2.21859745 4.63899336 0 0 0
5 0.823506447 -4.54346587 9.50019482 0 0 0

STR_2_1_1.000000
0 5.09080062 -5.09902989 10.6618557 0 0 0
0.5 0.365266585 -4.03797157 8.44322764 0 0 0
1 4.566542 -2.75675773 5.76426372 0 0 0
1.5 1.79360377 -0.762409381 1.59416575 0 0 0
2 1.75640491 1.75605346 -3.67183346 0 0 0
2.5 1.65071971 4.74347178 -9.91839872 0 0 0
3 1.48738741 6.89441961 -14.4159396 0 0 0
3.5 1.08167851 3.71753223 -7.77320255 0 0 0
4 1.61057333 1.27741014 -2.67101054 0 0 0
4.5 1.07676014 -2.21859745 4.63899336 0 0 0
5 0.823506447 -4.54346587 9.50019482 0 0 0

STR_2_2_0.000000
0 -5.07685336 12.7218182 -6.29245996 0 0 0
0.5 0.784508707 7.13270953 -13.6014299 0 0 0
1 -3.16127648 12.1218967 -10.6459893 0 0 0
1.5 -9.0209409 21.4026368 -9.25486091 0 0 0
2 -8.1503989 23.3686175 -14.8190832 0 0 0
2.5 -0.512049495 21.9747478 -33.7778152 0 0 0
3 -2.55442468 18.1786978 -22.0311843 0 0 0
3.5 -2.513927 17.5274722 -21.1004273 0 0 0
4 -2.73583778 14.695623 -15.9488099 0 0 0
4.5 0.397889823 9.86572252 -16.906466 0 0 0
5 -0.851102168 8.64965402 -11.4934785 0 0 0

STR_2_2_1.000000
0 -5.07685336 12.7218182 -6.29245996 0 0 0
0.5 0.784508707 7.13270953 -13.6014299 0 0 0
1 -3.16127648 12.1218967 -10.6459893 0 0 0
1.5 -9.0209409 21.4026368 -9.25486091 0 0 0
2 -8.1503989 23.3686175 -14.8190832 0 0 0
2.5 -0.512049495 21.9747478 -33.7778152 0 0 0
3 -2.55442468 18.1786978 -22.0311843 0 0 0
3.5 -2.513927 17.5274722 -21.1004273 0 0 0
4 -2.73583778 14.695623 -15.9488099 0 0 0
4.5 0.397889823 9.86572252 -16.906466 0 0 0
5 -0.851102168 8.64965402 -11.4934785 0 0 0

STR_2_3_0.000000
0 -9.667933 -17.9071181 3.49730926 0 0 0
0.5 -6.83822772 -17.1994222 16.121147 0 0 0
1 -4.91758043 -17.7874091 27.9055468 0 0 0
1.5 -6.67764933 -18.5722802 21.0911759 0 0 0
2 -8.170029 -17.7361933 10.7929227 0 0 0
2.5 -5.73694274 -18.3304291 25.2680191 0 0 0
3 -5.47842527 -17.3227163 23.582389 0 0 0
3.5 -3.96891968 -10.2767339 10.2422582 0 0 0
4 -6.5196641 -17.6776412 19.2217552 0 0 0
4.5 -6.75778246 -13.4645162 5.29726978 0 0 0
5 -5.14059378 -12.4912887 10.7996391 0 0 0

STR_2_3_1.000000
0 -9.667933 -17.9071181 3.49730926 0 0 0
0.5 -6.83822772 -17.1994222 16.121147 0 0 0
1 -4.91758043 -17.7874091 27.9055468 0 0 0
1.5 -6.67764933 -18.5722802 21.0911759 0 0 0
2 -8.170029 -17.7361933 10.7929227 0 0 0
2.5 -5.73694274 -18.3304291 25.2680191 0 0 0
3 -5.47842527 -17.3227163 23.582389 0 0 0
3.5 -3.96891968 -10.2767339 10.2422582 0 0 0
4 -6.5196641 -17.6776412 19.2217552 0 0 0
4.5 -6.75778246 -13.4645162 5.29726978 0 0 0
5 -5.14059378 -12.4912887 10.7996391 0 0 0

TWR_1_0.000000
0 0.159234762 -4.99494139 0 0 0 0
0.5 0.0980853836 -3.28704675 0 0 0 0
1 0.0494695937 -1.37142043 0 0 0 0
1.5 0.110471296 1.8755873 0 0 0 0
2 0.124610207 6.10067975 0 0 0 0
2.5 0.171871026 10.9922182 0 0 0 0
3 0.167343518 13.2774931 0 0 0 0
3.5 0.14080365 8.51693965 0 0 0 0
4 0.101042516 4.66966225 0 0 0 0
4.5 0.0692282407 -1.08922068 0 0 0 0
5 0.0994288197 -5.1090382 0 0 0 0

TWR_1_0.037037
0 0.318469524 -9.98988277 0 0 0 0
0.5 0.196170767 -6.57409351 0 0 0 0
1 0.0989391874 -2.74284086 0 0 0 0
1.5 0.220942593 3.7511746 0 0 0 0
2 0.249220413 12.2013595 0 0 0 0
2.5 0.343742053 21.9844364 0 0 0 0
3 0.334687035 26.5549863 0 0 0 0
3.5 0.281607299 17.0338793 0 0 0 0
4 0.202085031 9.33932451 0 0 0 0
4.5 0.138456481 -2.17844135 0 0 0 0
5 0.198857639 -10.2180764 0 0 0 0

TWR_1_0.074074
0 0.318469524 -9.98988277 0 0 0 0
0.5 0.196170767 -6.57409351 0 0 0 0
1 0.0989391874 -2.74284086 0 0 0 0
1.5 0.220942593 3.7511746 0 0 0 0
2 0.249220413 12.2013595 0 0 0 0
2.5 0.343742053 21.9844364 0 0 0 0
3 0.334687035 26.5549863 0 0 0 0
3.5 0.281607299 17.0338793 0 0 0 0
4 0.202085031 9.33932451 0 0 0 0
4.5 0.138456481 -2.17844135 0 0 0 0
5 0.198857639 -10.2180764 0 0 0 0

TWR_1_0.111111
0 0.318469524 -9.98988277 0 0 0 0
0.5 0.196170767 -6.57409351 0 0 0 0
1 0.0989391874 -2.74284086 0 0 0 0
1.5 0.220942593 3.7511746 0 0 0 0
2 0.249220413 12.2013595 0 0 0 0
2.5 0.343742053 21.9844364 0 0 0 0
3 0.334687035 26.5549863 0 0 0 0
3.5 0.281607299 17.0338793 0 0 0 0
4 0.202085031 9.33932451 0 0 0 0
4.5 0.138456481 -2.17844135 0 0 0 0
5 0.198857639 -10.2180764 0 0 0 0

TWR_1_0.148148
0 0.318469524 -9.98988277 0 0 0 0
0.5 0.196170767 -6.57409351 0 0 0 0
1 0.0989391874 -2.74284086 0 0 0 0
1.5 0.220942593 3.7511746 0 0 0 0
2 0.249220413 12.2013595 0 0 0 0
2.5 0.343742053 21.9844364 0 0 0 0
3 0.334687035 26.5549863 0 0 0 0
3.5 0.281607299 17.0338793 0 0 0 0
4 0.202085031 9.33932451 0 0 0 0
4.5 0.138456481 -2.17844135 0 0 0 0
5 0.198857639 -10.2180764 0 0 0 0

TWR_1_0.185185
0 0.318469524 -9.98988277 0 0 0 0
0.5 0.196170767 -6.57409351 0 0 0 0
1 0.0989391874 -2.74284086 0 0 0 0
1.5 0.220942593 3.7511746 0 0 0 0
2 0.249220413 12.2013595 0 0 0 0
2.5 0.343742053 21.9844364 0 0 0 0
3 0.334687035 26.5549863 0 0 0 0
3.5 0.281607299 17.0338793 0 0 0 0
4 0.202085031 9.33932451 0 0 0 0
4.5 0.138456481 -2.17844135 0 0 0 0
5 0.198857639 -10.2180764 0 0 0 0

TWR_1_0.222222
0 0.318469524 -9.98988277 0 0 0 0
0.5 0.196170767 -6.57409351 0 0 0 0
1 0.0989391874 -2.74284086 0 0 0 0
1.5 0.220942593 3.7511746 0 0 0 0
2 0.249220413 12.2013595 0 0 0 0
2.5 0.343742053 21.9844364 0 0 0 0
3 0.334687035 26.5549863 0 0 0 0
3.5 0.281607299 17.0338793 0 0 0 0
4 0.202085031 9.33932451 0 0 0 0
4.5 0.138456481 -2.17844135 0 0 0 0
5 0.198857639 -10.2180764 0 0 0 0

TWR_1_0.259259
0 0.318469524 -9.98988277 0 0 0 0
0.5 0.196170767 -6.57409351 0 0 0 0
1 0.0989391874 -2.74284086 0 0 0 0
1.5 0.220942593 3.7511746 0 0 0 0
2 0.249220413 12.2013595 0 0 0 0
2.5 0.343742053 21.9844364 0 0 0 0
3 0.334687035 26.5549863 0 0 0 0
3.5 0.281607299 17.0338793 0 0 0 0
4 0.202085031 9.33932451 0 0 0 0
4.5 0.138456481 -2.17844135 0 0 0 0
5 0.198857639 -10.2180764 0 0 0 0

TWR_1_0.296296
0 0.318469524 -9.98988277 0 0 0 0
0.5 0.196170767 -6.57409351 0 0 0 0
1 0.0989391874 -2.74284086 0 0 0 0
1.5 0.220942593 3.7511746 0 0 0 0
2 0.249220413 12.2013595 0 0 0 0
2.5 0.343742053 21.9844364 0 0 0 0
3 0.334687035 26.5549863 0 0 0 0
3.5 0.281607299 17.0338793 0 0 0 0
4 0.202085031 9.33932451 0 0 0 0
4.5 0.138456481 -2.17844135 0 0 0 0
5 0.198857639 -10.2180764 0 0 0 0

TWR_1_0.333333
0 0.318469524 -9.98988277 0 0 0 0
0.5 0.196170767 -6.57409351 0 0 0 0
1 0.0989391874 -2.74284086 0 0 0 0
1.5 0.220942593 3.7511746 0 0 0 0
2 0.249220413 12.2013595 0 0 0 0
2.5 0.343742053 21.9844364 0 0 0 0
3 0.334687035 26.5549863 0 0 0 0
3.5 0.281607299 17.0338793 0 0 0 0
4 0.202085031 9.33932451 0 0 0 0
4.5 0.138456481 -2.17844135 0 0 0 0
5 0.198857639 -10.2180764 0 0 0 0

TWR_1_0.370370
0 0.318469524 -9.98988277 0 0 0 0
0.5 0.196170767 -6.57409351 0 0 0 0
1 0.0989391874 -2.74284086 0 0 0 0
1.5 0.220942593 3.7511746 0 0 0 0
2 0.249220413 12.2013595 0 0 0 0
2.5 0.343742053 21.9844364 0 0 0 0
3 0.334687035 26.5549863 0 0 0 0
3.5 0.281607299 17.0338793 0 0 0 0
4 0.202085031 9.33932451 0 0 0 0
4.5 0.138456481 -2.17844135 0 0 0 0
5 0.198857639 -10.2180764 0 0 0 0

TWR_1_0.407407
0 0.318469524 -9.98988277 0 0 0 0
0.5 0.196170767 -6.57409351 0 0 0 0
1 0.0989391874 -2.74284086 0 0 0 0
1.5 0.220942593 3.7511746 0 0 0 0
2 0.249220413 12.2013595 0 0 0 0
2.5 0.343742053 21.9844364 0 0 0 0
3 0.334687035 26.5549863 0 0 0 0
3.5 0.281607299 17.0338793 0 0 0 0
4 0.202085031 9.33932451 0 0 0 0
4.5 0.138456481 -2.17844135 0 0 0 0
5 0.198857639 -10.2180764 0 0 0 0

TWR_1_0.444444
0 0.318469524 -9.98988277 0 0 0 0
0.5 0.196170767 -6.57409351 0 0 0 0
1 0.0989391874 -2.74284086 0 0 0 0
1.5 0.220942593 3.7511746 0 0 0 0
2 0.249220413 12.2013595 0 0 0 0
2.5 0.343742053 21.9844364 0 0 0 0
3 0.334687035 26.5549863 0 0 0 0
3.5 0.281607299 17.0338793 0 0 0 0
4 0.202085031 9.33932451 0 0 0 0
4.5 0.138456481 -2.17844135 0 0 0 0
5 0.198857639 -10.2180764 0 0 0 0

TWR_1_0.481481
0 0.318469524 -9.98988277 0 0 0 0
0.5 0.196170767 -6.57409351 0 0 0 0
1 0.0989391874 -2.74284086 0 0 0 0
1.5 0.220942593 3.7511746 0 0 0 0
2 0.249220413 12.2013595 0 0 0 0
2.5 0.343742053 21.9844364 0 0 0 0
3 0.334687035 26.5549863 0 0 0 0
3.5 0.281607299 17.0338793 0 0 0 0
4 0.202085031 9.33932451 0 0 0 0
4.5 0.138456481 -2.17844135 0 0 0 0
5 0.198857639 -10.2180764 0 0 0 0

TWR_1_0.518519
0 0.318469524 -9.98988277 0 0 0 0
0.5 0.196170767 -6.57409351 0 0 0 0
1 0.0989391874 -2.74284086 0 0 0 0
1.5 0.220942593 3.7511746 0 0 0 0
2 0.249220413 12.2013595 0 0 0 0
2.5 0.343742053 21.9844364 0 0 0 0
3 0.334687035 26.5549863 0 0 0 0
3.5 0.281607299 17.0338793 0 0 0 0
4 0.202085031 9.33932451 0 0 0 0
4.5 0.138456481 -2.17844135 0 0 0 0
5 0.198857639 -10.2180764 0 0 0 0

TWR_1_0.555556
0 0.318469524 -9.98988277 0 0 0 0
0.5 0.196170767 -6.57409351 0 0 0 0
1 0.0989391874 -2.74284086 0 0 0 0
1.5 0.220942593 3.7511746 0 0 0 0
2 0.249220413 12.2013595 0 0 0 0
2.5 0.343742053 21.9844364 0 0 0 0
3 0.334687035 26.5549863 0 0 0 0
3.5 0.281607299 17.0338793 0 0 0 0
4 0.202085031 9.33932451 0 0 0 0
4.5 0.138456481 -2.17844135 0 0 0 0
5 0.198857639 -10.2180764 0 0 0 0

TWR_1_0.592593
0 0.318469524 -9.98988277 0 0 0 0
0.5 0.196170767 -6.57409351 0 0 0 0
1 0.0989391874 -2.74284086 0 0 0 0
1.5 0.220942593 3.7511746 0 0 0 0
2 0.249220413 12.2013595 0 0 0 0
2.5 0.343742053 21.9844364 0 0 0 0
3 0.334687035 26.5549863 0 0 0 0
3.5 0.281607299 17.0338793 0 0 0 0
4 0.202085031 9.33932451 0 0 0 0
4.5 0.138456481 -2.17844135 0 0 0 0
5 0.198857639 -10.2180764 0 0 0 0

TWR_1_0.629630
0 0.318469524 -9.98988277 0 0 0 0
0.5 0.196170767 -6.57409351 0 0 0 0
1 0.0989391874 -2.74284086 0 0 0 0
1.5 0.220942593 3.7511746 0 0 0 0
2 0.249220413 12.2013595 0 0 0 0
2.5 0.343742053 21.9844364 0 0 0 0
3 0.334687035 26.5549863 0 0 0 0
3.5 0.281607299 17.0338793 0 0 0 0
4 0.202085031 9.33932451 0 0 0 0
4.5 0.138456481 -2.17844135 0 0 0 0
5 0.198857639 -10.2180764 0 0 0 0

TWR_1_0.666667
0 0.318469524 -9.98988277 0 0 0 0
0.5 0.196170767 -6.57409351 0 0 0 0
1 0.0989391874 -2.74284086 0 0 0 0
1.5 0.220942593 3.7511746 0 0 0 0
2 0.249220413 12.2013595 0 0 0 0
2.5 0.343742053 21.9844364 0 0 0 0
3 0.334687035 26.5549863 0 0 0 0
3.5 0.281607299 17.0338793 0 0 0 0
4 0.202085031 9.33932451 0 0 0 0
4.5 0.138456481 -2.17844135 0 0 0 0
5 0.198857639 -10.2180764 0 0 0 0

TWR_1_0.703704
0 0.318469524 -9.98988277 0 0 0 0
0.5 0.196170767 -6.57409351 0 0 0 0
1 0.0989391874 -2.74284086 0 0 0 0
1.5 0.220942593 3.7511746 0 0 0 0
2 0.249220413 12.2013595 0 0 0 0
2.5 0.343742053 21.9844364 0 0 0 0
3 0.334687035 26.5549863 0 0 0 0
3.5 0.281607299 17.0338793 0 0 0 0
4 0.202085031 9.33932451 0 0 0 0
4.5 0.138456481 -2.17844135 0 0 0 0
5 0.198857639 -10.2180764 0 0 0 0

TWR_1_0.740741
0 0.318469524 -9.98988277 0 0 0 0
0.5 0.196170767 -6.57409351 0 0 0 0
1 0.0989391874 -2.74284086 0 0 0 0
1.5 0.220942593 3.7511746 0 0 0 0
2 0.249220413 12.2013595 0 0 0 0
2.5 0.343742053 21.9844364 0 0 0 0
3 0.334687035 26.5549863 0 0 0 0
3.5 0.281607299 17.0338793 0 0 0 0
4 0.202085031 9.33932451 0 0 0 0
4.5 0.138456481 -2.17844135 0 0 0 0
5 0.198857639 -10.2180764 0 0 0 0

TWR_1_0.777778
0 0.318469524 -9.98988277 0 0 0 0
0.5 0.196170767 -6.57409351 0 0 0 0
1 0.0989391874 -2.74284086 0 0 0 0
1.5 0.220942593 3.7511746 0 0 0 0
2 0.249220413 12.2013595 0 0 0 0
2.5 0.343742053 21.9844364 0 0 0 0
3 0.334687035 26.5549863 0 0 0 0
3.5 0.281607299 17.0338793 0 0 0 0
4 0.202085031 9.33932451 0 0 0 0
4.5 0.138456481 -2.17844135 0 0 0 0
5 0.198857639 -10.2180764 0 0 0 0

TWR_1_0.814815
0 0.318469524 -9.98988277 0 0 0 0
0.5 0.196170767 -6.57409351 0 0 0 0
1 0.0989391874 -2.74284086 0 0 0 0
1.5 0.220942593 3.7511746 0 0 0 0
2 0.249220413 12.2013595 0 0 0 0
2.5 0.343742053 21.9844364 0 0 0 0
3 0.334687035 26.5549863 0 0 0 0
3.5 0.281607299 17.0338793 0 0 0 0
4 0.202085031 9.33932451 0 0 0 0
4.5 0.138456481 -2.17844135 0 0 0 0
5 0.198857639 -10.2180764 0 0 0 0

TWR_1_0.851852
0 0.318469524 -9.98988277 0 0 0 0
0.5 0.196170767 -6.57409351 0 0 0 0
1 0.0989391874 -2.74284086 0 0 0 0
1.5 0.220942593 3.7511746 0 0 0 0
2 0.249220413 12.2013595 0 0 0 0
2.5 0.343742053 21.9844364 0 0 0 0
3 0.334687035 26.5549863 0 0 0 0
3.5 0.281607299 17.0338793 0 0 0 0
4 0.202085031 9.33932451 0 0 0 0
4.5 0.138456481 -2.17844135 0 0 0 0
5 0.198857639 -10.2180764 0 0 0 0

TWR_1_0.888889
0 0.318469524 -9.98988277 0 0 0 0
0.5 0.196170767 -6.57409351 0 0 0 0
1 0.0989391874 -2.74284086 0 0 0 0
1.5 0.220942593 3.7511746 0 0 0 0
2 0.249220413 12.2013595 0 0 0 0
2.5 0.343742053 21.9844364 0 0 0 0
3 0.334687035 26.5549863 0 0 0 0
3.5 0.281607299 17.0338793 0 0 0 0
4 0.202085031 9.33932451 0 0 0 0
4.5 0.138456481 -2.17844135 0 0 0 0
5 0.198857639 -10.2180764 0 0 0 0

TWR_1_0.925926
0 0.318469524 -9.98988277 0 0 0 0
0.5 0.196170767 -6.57409351 0 0 0 0
1 0.0989391874 -2.74284086 0 0 0 0
1.5 0.220942593 3.7511746 0 0 0 0
2 0.249220413 12.2013595 0 0 0 0
2.5 0.343742053 21.9844364 0 0 0 0
3 0.334687035 26.5549863 0 0 0 0
3.5 0.281607299 17.0338793 0 0 0 0
4 0.202085031 9.33932451 0 0 0 0
4.5 0.138456481 -2.17844135 0 0 0 0
5 0.198857639 -10.2180764 0 0 0 0

TWR_1_0.962963
0 0.318469524 -9.98988277 0 0 0 0
0.5 0.196170767 -6.57409351 0 0 0 0
1 0.0989391874 -2.74284086 0 0 0 0
1.5 0.220942593 3.7511746 0 0 0 0
2 0.249220413 12.2013595 0 0 0 0
2.5 0.343742053 21.9844364 0 0 0 0
3 0.334687035 26.5549863 0 0 0 0
3.5 0.281607299 17.0338793 0 0 0 0
4 0.202085031 9.33932451 0 0 0 0
4.5 0.138456481 -2.17844135 0 0 0 0
5 0.198857639 -10.2180764 0 0 0 0

TWR_1_1.000000
0 0.159234762 -4.99494139 0 0 0 0
0.5 0.0980853836 -3.28704675 0 0 0 0
1 0.0494695937 -1.37142043 0 0 0 0
1.5 0.110471296 1.8755873 0 0 0 0
2 0.124610207 6.10067975 0 0 0 0
2.5 0.171871026 10.9922182 0 0 0 0
3 0.167343518 13.2774931 0 0 0 0
3.5 0.14080365 8.51693965 0 0 0 0
4 0.101042516 4.66966225 0 0 0 0
4.5 0.0692282407 -1.08922068 0 0 0 0
5 0.0994288197 -5.1090382 0 0 0 0

